3 768 512
10 832 512
3 896 512
3 960 512
3 1024 512
1 704 448
4 704 384
4 704 320
4 704 256
4 768 256
4 832 256
4 896 256
4 960 256
4 960 320
3 704 512
3 640 512
4 768 192
4 832 192
4 896 192
3 1088 512
3 1152 512
3 1216 512
5 704 576
5 768 576
5 832 576
5 896 576
5 960 576
5 1024 576
5 640 576
5 1088 576
5 1216 576
5 1152 576
5 832 640
5 896 640
5 768 640
5 704 640
5 960 640
5 1024 640
5 1088 640
1 1152 640
1 1216 640
5 1088 704
5 1024 704
5 960 704
5 896 704
1 832 704
1 768 704
1 704 704
1 1152 704
2 1152 768
1 1088 768
1 1024 768
1 960 768
2 896 768
2 896 768
2 896 768
1 960 768
1 832 768
1 768 768
1 768 832
2 832 832
2 896 832
1 960 832
1 1024 832
1 1024 832
1 960 896
1 896 896
3 1408 640
3 1472 640
3 1536 640
3 1600 640
3 1664 640
5 1472 704
5 1536 704
5 1600 704
5 1664 704
1 1664 768
1 1600 768
1 1536 768
1 1472 768
1 1536 832
1 1600 832
6 1856 576
6 1920 576
6 1920 576
6 1984 576
6 2048 576
6 2048 640
6 1984 640
6 1920 640
6 1856 640
6 1856 704
6 1856 704
6 1920 704
6 1984 704
1 2048 704
1 1920 768
1 1984 768
1 1856 768
8 1984 512
8 1984 448
8 1984 384
8 1984 320
7 1152 448
7 1152 384
7 1152 320
7 1152 256
7 1152 256
7 1152 192
9 1088 192
7 1088 128
9 1088 64
7 1088 0
9 1024 0
9 1024 64
9 1152 128
9 1024 128
9 1024 192
7 1152 64
9 1216 64
9 1216 128
9 1216 192
7 1216 256
9 1280 128
7 1280 192
9 1280 64
9 1216 0
9 1152 0
9 1216 64
9 1216 64
9 1152 -64
9 1088 -64
9 1024 -64
9 960 0
9 960 64
9 960 128
9 1280 256
9 1344 256
9 1344 192
9 1344 128
9 1408 192
9 1408 256
9 1408 128
9 1344 64
9 1280 320
9 1344 320
