6 640 576
3 704 576
3 768 576
3 832 576
3 896 576
3 960 576
3 1024 576
3 1024 576
3 1024 576
5 704 640
5 768 640
5 832 640
5 896 640
5 960 640
5 1024 640
1 704 704
1 768 704
1 832 704
1 896 704
2 960 704
1 640 768
1 640 768
1 640 768
1 704 768
1 768 768
1 832 768
1 832 768
1 896 768
1 896 768
7 896 512
7 896 448
7 896 448
7 896 384
7 896 320
7 960 320
7 832 256
9 1024 320
9 1024 256
9 960 256
9 896 256
9 896 256
9 896 192
9 832 192
9 768 256
9 768 256
9 768 256
9 768 192
9 768 192
9 768 128
9 832 128
9 896 128
9 960 192
9 1088 256
9 1088 192
9 1024 192
9 1088 320
9 704 256
9 704 192
9 832 320
9 768 320
9 704 320
9 960 384
9 1024 384
9 832 384
6 640 640
6 640 640
6 576 640
6 576 640
6 576 576
6 512 576
6 448 576
6 448 640
6 512 640
6 640 704
6 576 704
6 576 704
6 576 704
6 512 704
1 576 768
2 512 768
1 448 768
1 448 704
1 640 832
1 704 832
1 768 832
8 512 512
8 512 448
8 512 384
