1 4032 0
1 320 640
1 320 704
1 320 768
1 320 832
1 320 896
1 384 896
1 448 832
1 384 768
1 576 704
1 640 704
1 704 704
1 704 768
1 704 832
1 704 896
1 640 896
1 576 896
1 576 832
1 640 832
1 832 768
1 832 832
1 832 896
1 896 896
1 960 896
1 960 832
1 960 768
1 896 768
1 960 960
1 960 1024
1 896 1024
1 832 1024
1 1408 768
1 1408 832
1 1408 896
1 1408 960
1 1408 1024
1 1472 768
1 1536 832
1 1472 896
1 1664 768
1 1664 832
1 1664 896
1 1728 896
1 1792 832
1 1792 768
1 1792 896
1 1920 640
1 1920 704
1 1920 768
1 1920 832
1 1920 896
1 2048 704
1 2112 704
1 2176 704
1 2176 768
1 2176 832
1 2176 896
1 2112 896
1 2048 896
1 2048 832
1 2112 832
10 1216 832
